60 AVB_AVA 22.73820088 -72.3135026
61 AVB_AVA -5.49469639 -21.8603819
62 AVB_AVA 1.870718570 -210.930970
63 AVB_AVA -10.1841576 -53.6605291
64 AVB_AVA 1.531056410 -89.6894494
65 AVB_AVA -5.29597072 -14.1406195
66 AVB_AVA -5.15912853 -51.9848665
68 AVB_AVA 12.98729658 -24.9128162
69 AVB_AVA 35.84166288 -61.3063249
70 AVB_AVA 3.842331884 -13.2062969
71 AVB_AVA 95.74891846 -69.4620832
72 AVB_AVA 112.9486931 -64.7380493
73 AVB_AVA 7.673175146 -49.2311659
74 AVB_AVA 15.73304413 -67.2524985
75 AVB_AVA -25.3230387 -164.481891
96 AVB_AVA 3.664544158 -132.176037
97 AVB_AVA -2.06654596 -53.2400554
98 AVB_AVA 188.3989978 -65.6847265
99 AVB_AVA 34.10328584 -3.59948462
100 AVB_AVA 128.4224419 -68.7533277
103 AVB_AVA 33.28868341 -74.0427170
104 AVB_AVA -10.3911089 -201.495583
105 AVB_AVA 84.68592377 -67.1004385
106 AVB_AVA 56.43956606 -65.6608944
107 AVB_AVA 100.4784075 -63.6893299
26 AVA_AVB_l1 5.069507750 -31.4697825
27 AVA_AVB_l1 0.139225781 -3094.49099
28 AVA_AVB_l1 24.58749956 -63.3525132
29 AVA_AVB_l1 -8.38333650 -53.7228366
30 AVA_AVB_l1 17.17972332 -79.1351205
31 AVA_AVB_l1 4.642310965 -113.704245
32 AVA_AVB_l1 54.81936592 -48.3243397
33 AVA_AVB_l1 -2.59987272 46.12959883
34 AVA_AVB_l1 4.339600151 -151.066732
35 AVA_AVB_l1 -4.20641964 -28.4021348
37 AVA_AVB_l1 2.346427234 -172.037956
38 AVA_AVB_l1 -6.00180907 17.13089079
39 AVA_AVB_l1 7.675085298 -112.518740
40 AVA_AVB_l1 44.39358652 -69.6925168
41 AVA_AVB_l1 56.68251760 -62.1059078
42 AVA_AVB_l1 23.99054198 -67.1159193
43 AVA_AVB_l1 4.953501058 -64.0779119
44 AVA_AVB_l1 3.888086157 -118.263162
45 AVA_AVB_l1 13.53408407 -59.4981588
46 AVA_AVB_l1 -7.76757834 -31.5461001
47 AVA_AVB_l1 5.090916879 -117.964326
48 AVA_AVB_l1 3.305564936 -110.912091
49 AVA_AVB_l1 -12.0883541 -25.3706569
50 AVA_AVB_l1 -3.51636051 24.33302519
51 AVA_AVB_l1 2.269385501 -76.9377263
52 AVA_AVB_l1 -1.85087970 -20.2661223
53 AVA_AVB_l1 2.479055114 -44.2363721
54 AVA_AVB_l1 -2.11816327 -131.590455
55 AVA_AVB_l1 9.684152824 -81.9797161
56 AVA_AVB_l1 15.75247898 -70.8307824
57 AVA_AVB_l1 0.846853908 -111.679816
58 AVA_AVB_l1 -1.79789779 -3.76718738
59 AVA_AVB_l1 0.055923574 -3269.44390
96 AVB_AVA_ttx 3.664544158 -132.176037
97 AVB_AVA_ttx -2.06654596 -53.2400554
98 AVB_AVA_ttx 188.3989978 -65.6847265
99 AVB_AVA_ttx 34.10328584 -3.59948462
100 AVB_AVA_ttx 128.4224419 -68.7533277
103 AVB_AVA_ttx 33.28868341 -74.0427170
104 AVB_AVA_ttx -10.3911089 -201.495583
105 AVB_AVA_ttx 84.68592377 -67.1004385
106 AVB_AVA_ttx 56.43956606 -65.6608944
107 AVB_AVA_ttx 100.4784075 -63.6893299
60 AVB_AVA_l1 22.73820088 -72.3135026
61 AVB_AVA_l1 -5.49469639 -21.8603819
62 AVB_AVA_l1 1.870718570 -210.930970
63 AVB_AVA_l1 -10.1841576 -53.6605291
64 AVB_AVA_l1 1.531056410 -89.6894494
65 AVB_AVA_l1 -5.29597072 -14.1406195
66 AVB_AVA_l1 -5.15912853 -51.9848665
68 AVB_AVA_l1 12.98729658 -24.9128162
69 AVB_AVA_l1 35.84166288 -61.3063249
70 AVB_AVA_l1 3.842331884 -13.2062969
71 AVB_AVA_l1 95.74891846 -69.4620832
72 AVB_AVA_l1 112.9486931 -64.7380493
73 AVB_AVA_l1 7.673175146 -49.2311659
74 AVB_AVA_l1 15.73304413 -67.2524985
75 AVB_AVA_l1 -25.3230387 -164.481891
88 ASH_AVB_l1 14.16595714 -83.6535925
89 ASH_AVB_l1 -2.44912918 -38.5486713
90 ASH_AVB_l1 0.572154145 -249.996128
92 ASH_AVB_l1 49.20571866 -63.2714421
93 ASH_AVB_l1 -1.87449028 157.7361353
94 ASH_AVB_l1 49.59726759 -73.6633880
95 ASH_AVB_l1 19.64531174 -74.6994492
